0 0
0.0842968 0.15975
0.159715 0.227191
0.227091 0.287342
0.287183 0.340889
0.340678 0.388455
0.388198 0.430604
0.430306 0.467847
0.467511 0.500645
0.500278 0.529419
0.529022 0.554546
0.554125 0.576372
0.575929 0.595207
0.594745 0.611334
0.610854 0.625006
0.624513 0.636457
0.635951 0.645895
0.645379 0.65351
0.652985 0.659474
0.658942 0.663942
0.663405 0.667056
0.666515 0.668943
0.668399 0.669719
0.669173 0.669489
0.668941 0.668346
0.667799 0.666379
0.665831 0.663663
0.663117 0.66027
0.659726 0.656264
0.655722 0.651702
0.651164 0.646637
0.646102 0.641116
0.640585 0.635182
0.634655 0.628874
0.628352 0.622228
0.621711 0.615275
0.614763 0.608044
0.607537 0.600561
0.600061 0.592851
0.592356 0.584934
0.584445 0.57683
0.576348 0.568556
0.568081 0.560129
0.559661 0.551564
0.551102 0.542872
0.542417 0.534067
0.533619 0.525158
0.524717 0.516156
0.515722 0.507069
0.506643 0.497905
0.497487 0.488672
0.488261 0.479376
0.478972 0.470023
0.469627 0.460619
0.46023 0.451167
0.450786 0.441674
0.4413 0.432142
0.431776 0.422575
0.422217 0.412977
0.412627 0.40335
0.403008 0.393697
0.393363 0.384022
0.383695 0.374324
0.374006 0.364608
0.364297 0.354875
0.354572 0.345125
0.34483 0.335362
0.335075 0.325585
0.325306 0.315797
0.315526 0.305998
0.305735 0.29619
0.295935 0.286372
0.286126 0.276548
0.276309 0.266715
0.266485 0.256877
0.256654 0.247033
0.246818 0.237183
0.236976 0.227328
0.22713 0.21747
0.217279 0.207607
0.207424 0.197741
0.197566 0.187871
0.187704 0.177999
0.17784 0.168123
0.167973 0.158246
0.158104 0.148366
0.148232 0.138485
0.138358 0.128601
0.128483 0.118716
0.118606 0.10883
0.108728 0.0989418
0.0988478 0.0890528
0.0889669 0.0791627
0.0790849 0.0692716
0.0692018 0.0593797
0.0593179 0.0494869
0.0494332 0.0395933
0.0395478 0.0296992
0.0296617 0.0198044
0.019775 0.00990906
0.00988774 1.3248e-05
0 0
