0.0842978 0.0843657
0.159717 0.159845
0.227094 0.227276
0.287187 0.287418
0.340683 0.340957
0.388204 0.388515
0.430313 0.430657
0.467519 0.467894
0.500286 0.500686
0.529032 0.529455
0.554136 0.554578
0.575941 0.576399
0.594758 0.595231
0.610868 0.611353
0.624528 0.625023
0.635967 0.636471
0.645396 0.645906
0.653003 0.653519
0.658961 0.659481
0.663425 0.663947
0.666536 0.667059
0.66842 0.668945
0.669195 0.669719
0.668965 0.669488
0.667823 0.668344
0.665857 0.666376
0.663144 0.663659
0.659754 0.660265
0.655751 0.656258
0.651193 0.651696
0.646133 0.64663
0.640617 0.641108
0.634688 0.635174
0.628386 0.628866
0.621745 0.622219
0.614799 0.615265
0.607574 0.608034
0.600098 0.600551
0.592395 0.59284
0.584485 0.584923
0.576388 0.576819
0.568122 0.568545
0.559703 0.560118
0.551145 0.551552
0.542462 0.542861
0.533664 0.534055
0.524764 0.525146
0.51577 0.516144
0.506691 0.507057
0.497536 0.497893
0.488311 0.48866
0.479024 0.479364
0.469679 0.470011
0.460283 0.460606
0.450841 0.451155
0.441356 0.441661
0.431832 0.432129
0.422274 0.422562
0.412685 0.412964
0.403067 0.403337
0.393423 0.393685
0.383756 0.384009
0.374068 0.374311
0.364361 0.364595
0.354636 0.354861
0.344896 0.345112
0.335141 0.335348
0.325373 0.325572
0.315594 0.315784
0.305804 0.305985
0.296005 0.296176
0.286197 0.286359
0.276381 0.276534
0.266558 0.266702
0.256728 0.256864
0.246893 0.247019
0.237052 0.23717
0.227207 0.227315
0.217357 0.217456
0.207503 0.207594
0.197646 0.197727
0.187785 0.187858
0.177922 0.177985
0.168056 0.16811
0.158188 0.158233
0.148317 0.148353
0.138444 0.138471
0.12857 0.128588
0.118694 0.118703
0.108817 0.108816
0.0989378 0.0989286
0.0890579 0.0890396
0.0791768 0.0791495
0.0692948 0.0692584
0.0594119 0.0593664
0.0495281 0.0494736
0.0396437 0.0395801
0.0297586 0.0296859
0.0198729 0.0197911
0.00998661 0.00989582
